/home/liqin/python/panel_image/102P.jpg 1775,750,1915,857,3 1775,934,1903,1056,3 1769,1135,1894,1244,3 1769,1334,1909,1441,3 1763,1516,1913,1628,3 1772,1697,1903,1825,3 1759,1894,1894,2003,3 1759,2075,1897,2194,3 1759,2244,1884,2375,3 1756,2444,1881,2566,3 2469,2528,2581,2641,3 2463,2331,2597,2453,3 2463,2125,2600,2263,3 2478,1919,2609,2053,3 2488,1719,2603,1844,3 2484,1531,2622,1650,3 2494,1331,2619,1459,3 2494,1125,2625,1253,3 2488,913,2628,1050,3 3241,2609,3400,2741,3 3256,2400,3394,2538,3 3259,2172,3416,2325,3 3266,1984,3422,2119,3 3284,1768,3427,1881,3 3287,1547,3434,1688,3 3313,1322,3456,1453,3 3297,1100,3447,1259,3 3291,894,3466,1025,3 3322,634,3488,809,3 2509,703,2659,841,3 
/home/liqin/python/panel_image/panel/19P.jpg 3447,1108,3656,1295,4 2502,1104,2670,1258,3 2520,1699,2661,1872,2 3420,1726,3593,1899,3 
/home/liqin/python/panel_image/panel/113P.jpg 2306,1772,2484,1949,2 929,1049,1079,1204,2 906,1695,1075,1863,2 2284,999,2506,1204,3 
/home/liqin/python/panel_image/panel/7P.jpg 2897,1635,3052,1772,2 2861,935,3034,1090,3 
/home/liqin/python/panel_image/panel/109P.jpg 2520,858,2720,1012,4 2534,1258,2716,1458,3 2293,1272,2484,1458,3 2266,826,2470,1045,3 
/home/liqin/python/panel_image/panel/25P.jpg 3020,1640,3170,1785,2 3011,967,3188,1176,3 
/home/liqin/python/panel_image/panel/8P.jpg 2634,1881,2766,2013,2 3606,1940,3779,2108,2 2629,1249,2793,1390,3 3647,1231,3847,1440,3 
/home/liqin/python/panel_image/116.jpg 488,926,611,1053,2 488,1280,614,1407,2 495,1634,626,1761,2 495,2164,626,2291,2 2199,914,2299,1034,2 2199,1287,2322,1384,2 2184,1641,2295,1757,2 2191,2184,2295,2311,2 499,2526,626,2634,2 499,2868,630,2976,2 511,3195,618,3314,2 511,3722,638,3830,2 2176,3734,2276,3868,2 2184,3214,2284,3341,2 2172,2864,2284,3003,2 2172,2534,2276,2653,2 2218,553,2314,668,3 491,584,622,687,3 
/home/liqin/python/panel_image/panel/9P.jpg 3511,1881,3675,2063,3 3575,1240,3747,1435,3 2602,1235,2738,1385,3 2575,1831,2711,1976,2 
/home/liqin/python/panel_image/panel/115P.jpg 1738,2522,1897,2681,2 2125,2617,2284,2758,2 2538,2676,2706,2826,3 2916,2740,3070,2881,3 1820,654,1947,754,2 2196,631,2356,749,2 2638,617,2783,731,2 3533,599,3683,717,2 3729,595,3902,735,2 2842,626,2997,731,3 3083,626,3229,735,3 3356,608,3497,731,3 3529,2836,3683,2977,3 3342,2817,3502,2948,3 
/home/liqin/python/panel_image/5.jpg 604,2553,760,2728,1 808,2546,984,2741,1 1006,2537,1175,2746,0 1203,2528,1388,2752,1 1412,2537,1603,2752,1 1632,2535,1806,2735,1 1812,2528,1995,2730,1 597,2902,766,3107,1 777,2902,992,3133,1 986,2913,1206,3135,0 1182,2883,1416,3126,1 1419,2887,1619,3133,1 1621,2898,1821,3137,1 1821,2883,2008,3122,1 2019,2530,2214,2752,1 2012,2893,2208,3126,1 2234,2904,2436,3122,1 2216,2533,2414,2737,1 
/home/liqin/python/panel_image/panel/114P.jpg 2261,1813,2484,1999,3 2316,1040,2493,1240,2 893,1090,1047,1235,2 884,1767,1034,1926,2 
/home/liqin/python/panel_image/101.jpg 564,439,678,550,2 725,444,844,542,2 1050,436,1150,539,2 1208,436,1314,536,2 1520,428,1631,533,2 1678,425,1789,547,2 736,1028,842,1136,2 889,1033,1003,1139,2 1047,1022,1158,1133,2 1208,1019,1311,1136,2 1350,1028,1478,1128,2 1519,1022,1625,1131,2 1675,1617,1786,1717,2 1212,1625,1317,1719,2 1050,1614,1172,1719,2 894,1608,1008,1711,2 753,1617,853,1717,2 594,1622,708,1728,2 1828,2189,1925,2278,2 756,2178,867,2281,2 594,2181,711,2281,2 1053,2744,1175,2853,2 1377,2750,1466,2853,2 1519,2747,1639,2853,2 1681,2747,1797,2856,2 758,2744,878,2850,2 594,2736,719,2847,2 1216,3303,1319,3409,2 1372,3294,1472,3403,2 1983,3311,2081,3414,3 1828,3303,1925,3408,3 1681,3306,1781,3400,3 1519,3297,1631,3406,3 1067,3289,1175,3400,3 925,3303,1019,3392,3 769,3292,881,3389,3 619,3294,722,3389,3 1842,2750,1933,2847,3 1975,2753,2089,2853,3 1206,2744,1322,2847,3 892,2744,1019,2850,3 1975,2183,2078,2303,3 1664,2175,1783,2289,3 1519,2178,1636,2289,3 1367,2181,1478,2283,3 1208,2178,1322,2292,3 1061,2181,1175,2289,3 889,2175,1019,2286,3 1361,1619,1478,1728,3 1503,1617,1633,1725,3 1825,1617,1942,1736,3 1978,1619,2092,1722,3 1994,1014,2103,1133,3 1836,1022,1950,1128,3 1681,1025,1786,1133,3 561,1031,697,1136,3 1831,428,1950,539,3 1983,422,2111,531,3 1356,431,1478,536,3 861,422,1011,547,3 
/home/liqin/python/panel_image/panel/16P.jpg 2834,1881,2970,2013,2 2802,1209,2957,1336,3 
/home/liqin/python/panel_image/101P.jpg 1840,676,1979,790,3 1852,850,1976,979,3 2543,648,2671,764,3 2540,858,2659,965,3 2526,1045,2662,1169,3 3336,619,3490,767,3 3314,845,3469,974,3 3279,1252,3443,1383,3 3269,1464,3440,1605,3 1838,1405,1971,1517,3 1840,1926,1971,2033,3 2474,2343,2605,2467,3 3200,2429,3367,2562,2 3221,2240,3374,2371,2 3240,2052,3374,2181,2 3233,1867,3419,1993,2 3252,1655,3431,1798,2 2464,2162,2629,2293,2 2483,1971,2626,2112,2 2500,1802,2671,1936,2 2495,1612,2657,1743,2 2498,1426,2660,1560,2 3307,1057,3474,1195,2 2502,1245,2671,1371,2 1838,1050,1981,1167,2 1836,1229,1993,1350,2 1838,1583,1981,1702,2 1838,1757,1986,1876,2 1831,2090,1979,2210,2 1819,2264,1974,2376,2 
/home/liqin/python/panel_image/panel/11P.jpg 3184,1590,3329,1749,2 2279,1622,2425,1763,2 2279,1090,2416,1217,3 3129,1013,3293,1172,3 
/home/liqin/python/panel_image/116P.jpg 1714,458,1883,595,3 2142,445,2297,567,2 2583,436,2737,536,2 3061,408,3206,531,2 3842,376,4000,511,2 3743,2685,3879,2835,2 2956,2595,3106,2735,2 2511,2554,2656,2681,2 2092,2490,2229,2626,2 
/home/liqin/python/panel_image/panel/26P.jpg 3166,1081,3361,1263,3 3175,1726,3361,1922,2 
/home/liqin/python/panel_image/100P.jpg 1933,781,2056,895,3 1942,972,2061,1085,3 2629,1922,2756,2045,3 2611,2131,2770,2249,3 2606,2313,2752,2445,3 2615,2517,2756,2640,3 3415,2608,3556,2731,2 3429,2385,3561,2522,2 3429,2185,3561,2308,2 3415,1963,3579,2099,2 3433,1749,3579,1890,2 3429,1526,3592,1681,2 3433,1331,3588,1463,2 3429,1104,3588,1254,2 3452,895,3597,1040,2 3447,676,3597,822,2 2611,1726,2761,1849,2 2629,1535,2761,1654,2 2624,1317,2770,1458,2 2633,1135,2761,1258,2 2638,944,2765,1053,2 2628,730,2778,858,2 1929,1154,2065,1272,2 1938,1345,2056,1454,2 1939,1527,2062,1627,2 1929,1712,2052,1817,2 1929,1885,2070,2013,2 1933,2076,2052,2181,2 1929,2249,2061,2372,2 1920,2445,2056,2554,2 
/home/liqin/python/panel_image/panel/10P.jpg 2525,1376,2661,1535,3 3425,1395,3606,1567,3 2461,1972,2629,2113,2 3406,2004,3579,2195,2 
/home/liqin/python/panel_image/panel/20P.jpg 2611,1231,2761,1381,3 3575,1222,3756,1399,3 3579,1867,3770,2045,3 2575,1840,2752,1999,2 
/home/liqin/python/panel_image/panel/17P.jpg 2824,1740,2961,1899,2 3793,1690,3975,1863,2 2779,1122,2943,1285,3 3743,1022,3952,1222,3 
/home/liqin/python/panel_image/panel/18P.jpg 2811,1158,2961,1340,3 3734,1149,3902,1349,3 2752,1713,2947,1908,2 3706,1781,3870,1972,2 
/home/liqin/python/panel_image/panel/21P.jpg 2711,985,2870,1113,4 3684,908,3888,1076,3 3711,1699,3920,1885,3 2743,1722,2911,1863,3 
